110000
145750
611603
185100
145200
612469
612460
612463
612462
241850
606183
614609
614608
614607
614602
120433
120430
183850
242510
215300
612253
120435
300257
300258
300259
613267
608911
206700
603918
149200
614962
614963
231060
612015
128290
308905
150600
610618
168885
208080
208081
300354
208085
219300
255100
128200
153550
153800
154275
605375
134610
605373
125400
609404
609403
609402
609400
113310
133690
271220
601187
604356
609408
600852
600851
600850
190330
200700
606187
138040
208550
249500
162100
274900
202700
163500
614044
611561
611560
614042
614049
614250
118800
185480
142770
300818
256120
612918
187940
612917
300813
300814
272750
300816
610439
303350
601454
601455
601457
601322
604131
601452
601321
601458
248900
218550
600325
607447
607446
600321
600320
607115
133600
611819
178650
600329
614416
614450
608133
614456
614457
179850
614455
614458
606864
183086
233600
268850
109660
224250
151380
126600
228200
180750
223200
127800
259720
189100
606240
606242
606243
273150
209700
609340
609989
609981
609985
611820
610422
277900
610427
610425
303900
267500
615032
615481
184500
603740
603744
603218
615490
615493
266900
177100
130180
605749
605746
613080
613086
613088
613089
220200
122600
227000
613658
611771
611773
611775
611777
613558
613559
613550
185900
613554
135750
205700
205250
128600
300062
300064
300067
300066
611488
611489
134400
218300
613435
613436
601668
269150
601666
278900
265100
167870
179620
107700
123550
123557
255710
612438
142340
610168
610163
600138
169610
264500
132800
600131
600132
610910
310700
243400
252150
275240
136580
607876
607872
212790
612574
239840
164190
614940
612702
612703
300661
300660
225310
130400
607306
612446
607304
612444
607308
188770
306500
109270
253400
614669
614668
606657
606656
606658
614665
218090
603689
603688
260500
301040
311150
300274
300270
300271
300273
231100
608930
608931
608932
608935
308290
615300
165800
277480
191440
602082
602083
602080
602081
602086
602087
150590
602085
602088
602089
227250
227255
142900
245800
615537
120140
615530
614990
615538
615539
140850
600931
235900
125640
212800
173560
605355
613179
600952
600955
605685
609460
609465
609464
609466
609469
613523
125460
612578
190310
222765
232240
211200
613174
138060
116100
309050
167400
613177
192445
236900
246200
237500
202010
611548
611547
614066
614065
611544
611543
146450
614374
254120
604335
615619
614372
300872
607682
300870
607687
612932
607685
607684
607688
612938
605827
608484
605820
605822
106700
270950
614190
612785
278730
271225
601308
218530
604352
157900
169000
272800
600309
182950
607464
600302
608158
614743
611154
611155
608156
608154
614473
603543
614745
207800
239100
234350
224230
271600
145900
123050
188560
226850
600858
600274
182601
182600
183600
127820
150360
184460
158170
606220
192200
187270
615705
615704
615707
615706
240800
615703
601675
151500
601676
158280
277380
127750
241310
174800
201400
148050
312612
104250
614414
266920
120080
601942
601941
235750
230500
181600
300591
300590
602540
153100
611717
611718
611719
613575
613576
613571
118301
118300
612164
300042
300047
300046
612162
300049
300048
161800
602418
139210
203000
146590
613418
613412
613411
613410
248000
612653
176450
231900
610006
610001
610003
211920
146840
111620
609143
609140
609141
251850
307800
609148
136830
600156
600155
610140
610141
600159
219050
138300
179600
158901
158900
164200
209950
609047
302350
613207
234500
612893
612894
612899
607893
208600
237310
268400
229500
229050
267200
228900
147710
607095
607091
242840
218040
300600
272120
300602
300605
300604
300607
614399
301950
614391
614390
144190
614395
186400
148190
612421
612423
607323
607324
607326
114100
607329
136300
614643
614640
614646
614645
614644
311050
308050
103580
614816
144200
131880
613388
613382
612347
613387
276710
613385
253280
608957
612390
612396
612394
193400
221500
257910
177600
119650
247640
182410
612916
158345
300815
615510
615511
615512
615513
612913
615516
615517
615518
100050
247420
600974
600975
600977
600971
600972
308940
149100
270710
603956
153840
609338
609442
609441
609446
232220
102574
222748
222745
235255
251280
601450
105400
601453
112910
600105
175510
614009
611528
601027
611521
611523
611522
612225
254100
125440
604314
604315
601144
604317
133300
600776
612951
612950
612953
612952
300858
612221
211480
612956
607665
142730
112000
132300
300850
300851
300852
118210
608318
270970
605809
605808
605805
605804
222350
608316
607116
613608
613606
613604
156610
613603
613600
613601
601499
601369
601362
601363
601360
601493
601494
601367
608174
608175
109400
608173
600361
600360
600363
615356
615355
615352
615350
615351
475000
258900
225290
611174
609015
259500
177850
271620
608013
136150
182970
610805
188545
245450
131430
241150
245100
615726
307000
615724
615723
615722
615721
615728
609946
609944
244850
609942
248370
609941
217080
217085
610997
114150
600333
118750
165300
201170
181440
106050
264300
116800
215480
607842
140600
235000
185750
314360
611867
607847
611862
611863
612551
611868
153470
215150
120200
614928
614929
614926
614927
614924
614922
614923
614920
611733
276900
276901
276902
276904
602433
210500
602124
166300
270500
191100
305390
176430
236200
265140
139090
141800
119580
246900
118980
187900
609782
125050
112270
302700
610024
610023
147950
310095
605472
211900
605479
601775
601777
601776
615293
615290
612737
615298
271109
609161
609162
612736
609164
609165
609166
219070
604827
615559
157200
164220
600175
600176
600171
104400
300679
268240
608782
608781
608787
192900
243440
137360
209970
604690
239800
122200
229070
175700
144600
258040
226950
188150
110750
171660
233430
300623
300622
170390
614103
612740
272450
300624
242860
147770
614105
611291
193050
245660
613835
613834
613837
606438
606928
218700
613832
143470
613839
613838
129600
302950
311070
612401
607341
607346
612406
245590
606693
206500
150800
604273
124700
251220
200900
608978
608970
608971
180104
180105
180100
224000
247990
181270
231005
231000
600193
100070
310300
158320
119800
615578
614972
615573
615577
615574
614974
253800
277175
602594
277170
602849
261500
300322
612006
600996
600994
600995
600991
167220
612004
187600
605642
515000
612001
165510
312863
125570
608762
190350
190351
190420
121050
246570
102510
130000
232200
614678
300367
614249
128980
251260
614023
614022
614021
614020
309610
614025
614024
268650
260100
609313
609311
609310
601160
601161
601162
601163
601165
609319
608372
608371
612976
612975
300884
107480
601345
601346
137800
601341
610092
613623
601348
601349
610093
269650
265880
200450
269870
269300
264060
610420
179830
172870
608194
191900
123890
610424
615371
615373
615374
615376
615377
615378
147540
607644
147545
182190
607641
606595
606593
144010
607504
271640
180730
187100
610829
610828
600343
600347
607426
600348
182990
606770
606771
606772
606773
129830
606777
255980
192240
615744
615749
216950
154800
609968
609965
608905
608904
170700
274300
615491
608903
608902
165670
259780
614564
614565
614562
614563
611081
181460
256860
614569
153670
613028
613029
613026
613027
613024
613025
613021
300559
300558
612219
300555
314300
300557
300551
214800
611886
253320
611884
277610
611880
155310
240400
260350
603855
614900
154370
300087
300085
300082
185610
300088
602450
602107
602459
311300
193670
604856
604855
182200
610599
176410
173420
250850
257800
105300
113700
610048
208250
149730
112250
211380
141750
605105
601759
108650
610100
610102
268220
121850
102300
102650
610582
138340
230300
613677
155950
611311
234810
153700
256040
243605
243600
115700
111750
147750
182830
233450
613675
193070
245600
611274
611277
611276
614350
613819
613818
545000
613811
613810
607364
607361
207780
602611
615198
126300
614687
614684
109740
614680
256450
614689
614688
239350
234100
266510
206780
273250
187310
615082
615083
615080
615081
155900
615084
615085
180210
181250
158300
131375
606012
261740
615554
615555
615557
615550
615551
615552
615553
615558
257320
276200
603629
603194
603622
277150
610698
606217
277400
184757
208000
261560
612577
312840
612576
270750
167200
153880
167750
601800
612573
201250
603446
613551
612571
190400
309585
222700
605594
309583
605598
188025
130020
613254
613251
300068
186200
300695
300345
251240
217700
152420
303600
203780
612798
610836
309630
614302
601101
601104
146160
194090
220290
139750
609376
125480
609378
168000
210710
605841
608358
134700
605845
605844
608354
608355
614305
608423
613642
156300
613640
613641
613646
613647
278750
187550
269630
176600
175800
172850
610319
194400
609597
226700
174600
615311
615314
607625
607624
607626
607628
147560
149500
252010
252011
273400
606579
613848
143020
131960
271665
604715
604717
137750
610840
610842
219600
600419
240500
600416
607197
607196
606719
606712
606713
606711
129810
609903
615763
615761
609909
160800
208870
604830
258500
258501
601665
234280
181400
256840
132700
614541
614546
103200
150300
127550
155150
304400
309350
120790
300577
314320
262400
613000
130700
613002
613003
613005
613006
300578
612238
612239
253300
109000
612230
612231
612232
612233
612237
177980
276410
260370
260800
233910
612335
139500
602472
602471
602477
602475
259100
269800
269400
173400
614714
182220
250650
206200
614961
159100
614969
250300
271320
271322
125540
147910
609299
610066
610065
610064
609741
610069
609296
609745
605432
210900
108985
108980
609122
609128
609129
614073
614074
614075
264270
110700
614076
268200
142690
612838
213900
256020
248390
137100
146200
613789
613784
613783
216360
613780
182815
600060
615397
242530
614377
608654
614375
608656
614373
611252
608653
608652
612780
612781
612782
612783
608658
614379
614378
606960
606963
606966
613870
613873
267000
613875
613874
613877
613876
300807
217100
262890
603342
237800
300802
614800
177400
238350
615402
612359
614809
614872
614808
111400
184300
107970
107200
126320
187370
130950
611926
214100
611920
214450
117850
611929
611928
257300
606035
215850
612923
114580
603600
612926
208060
261540
615294
250790
605606
226735
310200
614520
603463
603467
614526
614527
247950
165550
101120
170998
170990
611913
186950
102800
113000
254300
613271
613270
608866
608864
612009
612008
128230
300323
612005
300321
128235
300324
300166
604129
601129
210730
601127
314050
146700
609352
609354
203500
161500
167950
162700
608404
167959
608406
134720
248250
613668
314580
613660
613661
613662
607475
601388
601389
600316
601382
601386
176620
112600
112350
123320
179300
232600
615846
602068
615330
615338
615848
615849
312190
211170
607602
607600
600651
600652
608578
606552
606554
156850
156580
604772
604771
604777
275300
600384
600383
610313
164700
157980
262900
273680
160750
609924
609923
612645
612644
208850
612643
612642
612649
144050
229200
143000
613759
180080
228400
613757
308350
127200
225050
614521
245160
213100
614524
613062
613063
613060
130720
613067
613064
613065
221750
613068
300511
300510
612251
300514
612254
612255
300519
300518
612259
277300
155350
603813
191700
191250
615419
266255
105120
615418
153630
120000
116860
221800
121200
121201
220400
176100
125300
154400
614944
614945
614946
614947
309480
614941
609727
128000
601809
249420
489000
204500
192500
530000
175100
175450
608093
608091
256000
608097
608096
608099
608098
183300
278300
604547
202355
216340
601718
272430
600046
607016
607017
182870
254950
182875
213820
614317
614319
614318
103050
608673
608670
613853
613852
613850
613857
613856
613855
613854
606943
263700
178550
614111
615670
184095
126190
114835
241090
273740
612447
187350
615048
615042
612445
615040
615041
245200
611907
155720
148350
250400
606053
606054
606056
615598
615599
603663
603664
603669
615591
615592
615593
615595
615596
615597
612448
605627
185050
614233
270300
615716
615715
203300
227320
301310
614881
614096
614883
614882
614885
614887
215250
613219
300306
300301
148360
248600
251200
251750
613216
608840
277440
612937
140300
602535
612067
602531
614081
614080
614083
614082
270460
614087
614089
134520
203740
210750
210200
117300
604976
602759
166000
190445
190440
203290
610744
610743
187510
247200
275450
112370
236700
163000
615860
604288
615863
113970
604286
157300
271510
600674
600679
608462
164891
169710
211400
137245
614498
604757
137241
605419
151610
610333
610332
168400
607483
607482
600457
607487
607486
217800
607488
600459
600458
164761
268010
238700
263570
108390
106900
608281
114480
110100
607225
607221
185200
614504
614507
614500
614501
272350
256800
614508
129850
129500
606282
180350
300539
612278
612279
612274
300537
300536
300534
277320
613678
206000
266270
191270
311360
149300
111100
615674
240600
221770
224300
615673
181000
221820
182260
610539
241510
610535
182269
610536
241519
277580
119500
603830
124900
106100
200400
609258
609259
609256
271980
609706
609255
609253
609250
208230
249400
274800
167030
191181
235370
162000
176780
122750
601083
601086
601088
118900
272980
612877
612874
612875
280000
274000
112410
175780
611377
270850
608078
211890
611378
243110
606952
163600
604563
202370
607039
109543
109540
614339
614338
608611
614332
614331
608612
608615
614335
612030
107650
615184
269000
178200
615851
233700
173200
109720
123155
123150
307200
228300
612813
188400
610293
610294
610295
189800
610297
126050
189200
249240
609887
609886
209600
609889
609888
615065
615066
615067
136900
606072
606071
606070
611961
611960
611962
267400
607948
603649
600669
603643
603642
603641
201050
603133
258150
240300
613549
613548
177000
110310
167730
300494
300495
300496
300497
300491
613180
300498
601868
165590
185070
612599
150550
155255
155700
612591
612590
612593
612592
612595
612594
612596
613233
148300
613237
613235
613239
613238
260450
130080
612042
612158
152950
128900
600048
147791
135100
277465
253550
277460
607014
147061
203760
611584
604916
278800
218200
185460
140450
265000
602771
602772
227300
227650
305920
274500
611494
610760
610761
112310
610768
184840
134500
601696
257500
601694
113950
251950
254700
102150
615809
609060
271530
615803
609069
615807
312150
132900
607932
607936
219150
605201
608445
608446
608447
264600
264350
608443
604004
133239
243300
209850
610353
610357
610356
610359
269920
269921
151630
164745
613407
237450
175860
258700
612290
614294
614296
614290
614291
614292
614293
614298
614299
252700
156810
613954
613955
606519
613950
613951
131900
613958
613959
610978
272370
607208
607202
607200
611004
306400
314380
248450
273395
273390
115800
223330
259610
310440
603585
603587
615658
615656
120040
603588
221790
615651
182280
241530
141200
201550
240950
200170
166900
277700
609270
609271
609273
116200
162020
236800
250940
246300
301500
146000
300115
300114
125520
601068
300113
601067
122550
612858
608051
614063
612851
612852
612853
252930
608580
608583
608585
608584
611390
608586
314600
613728
613724
613721
613720
613723
613722
168850
601208
609180
601200
601202
608631
608636
608634
157800
608638
169100
107670
176500
112430
607683
115470
612936
607681
612933
615415
110800
271700
136610
600000
600001
600002
126070
615411
226200
217300
242550
600559
606895
606894
606896
606893
615412
183700
159420
615006
615007
615005
615008
615009
151400
187390
192300
187395
614831
615043
603117
603116
309850
603119
174900
160500
116920
230400
601847
601846
300475
300472
300471
611943
611942
611945
611944
181700
308100
614849
260470
614845
614844
614847
118230
614841
309500
614842
118005
304100
118000
608804
608805
608807
608800
262650
602579
608808
608809
166220
260650
125580
270420
270425
604484
604931
253290
605376
300179
235830
101850
144100
610708
169550
610706
610707
203700
133780
159950
271550
125260
166740
615395
615398
615399
615828
615829
200610
609049
609048
312170
609041
609040
164500
600638
600631
600630
158600
600634
615590
605229
605225
179500
134780
601549
601543
604060
162830
601547
601544
600496
610379
208700
610370
610377
610374
268050
264080
268500
614470
611152
115645
115310
612623
612622
612621
612627
612626
300908
300909
147430
300905
186700
614278
157170
239850
225250
613970
613972
243320
613977
613978
156830
156520
136000
242050
136550
258850
610954
610951
256731
256730
103285
606798
606799
129540
160990
266100
193300
259450
184260
177900
221400
224690
261680
310460
154600
310465
310468
303400
151210
603569
615631
615630
615633
603563
615637
615636
602966
305350
119540
214350
158590
118100
204700
204870
114650
604172
200110
277720
106250
613376
613375
613370
613371
244450
104100
612367
612364
125890
612362
300280
612361
612368
612369
105500
120970
240200
306995
306990
118943
601042
612717
311900
612716
254000
609218
128710
608031
608030
608033
134600
608035
608036
613707
613706
304900
613704
613703
613702
613700
150700
272150
213980
257980
601223
601221
601220
601224
248310
194200
243150
144020
173590
168830
108900
180849
193090
164330
109500
264140
614382
156190
614380
180800
600794
112450
112100
255600
600791
600792
611403
226440
130060
254130
214300
144755
111150
611407
604474
614880
119300
604211
226990
604213
200150
607078
147080
217980
136630
313350
613494
615028
615024
615025
615026
159400
615021
615022
615023
212350
613211
268315
268310
207720
208910
613215
612691
603175
603174
603176
232900
312750
114500
220120
165000
225755
614487
614486
214980
225750
225753
245000
244200
110350
126900
180550
188000
613145
613144
163950
612559
612558
612555
601820
612557
612556
300454
300455
614739
614225
614732
614731
603794
304120
201180
120502
120500
614229
612083
612089
602558
173600
166200
602554
602555
602556
602557
602551
253590
602553
177735
193530
194071
191550
194072
117360
613926
610498
223100
236100
236450
614867
614866
614863
614862
614861
309520
141900
614869
614868
251190
610213
129750
113620
610725
302600
270150
270400
605028
184800
138790
134540
605021
204110
609537
609536
609535
609533
609532
125280
609029
182150
313500
613392
609021
209050
609027
609026
605249
605244
265950
265400
278150
207000
122455
122100
122450
614135
614134
115665
611456
143880
115660
612381
123853
148700
137040
608776
608774
137580
138930
607791
272000
608779
156500
225500
614251
614252
614254
614255
614256
614257
137220
601560
601561
178651
601563
613912
613913
613916
218600
136570
610938
212720
607248
607539
150900
611040
611046
256710
123270
206600
174000
170650
111740
161000
257100
133900
224100
258870
302380
180000
187050
223370
259650
614017
615612
615617
615616
615615
310400
309950
263800
603098
266120
304350
603546
214370
305400
253900
610551
204850
261400
603324
312920
603896
258300
603323
162200
192050
602092
613628
227280
277740
602096
602099
613353
248760
113750
130100
612343
612345
135550
612348
101400
125700
121820
106180
250900
105563
105565
102699
251505
271960
194190
188800
139650
300158
200130
300155
139300
608545
608010
608540
608543
608542
613761
218450
613762
613765
613767
613769
269200
221995
615527
601794
614167
236660
176090
264120
223900
142630
600775
615174
600771
115430
252350
180920
187601
146950
604454
604451
212112
160150
610239
610234
604287
164310
600512
600513
600510
600511
158810
137560
609821
609820
609823
609822
207740
262875
612989
185650
613290
613107
300719
300718
300717
300716
220100
300712
300711
300710
150260
606325
606324
144800
155050
611185
611182
145600
613164
613163
613162
613161
612165
601803
300433
612575
300431
300436
612572
300434
612160
300438
601808
612579
188020
109120
612513
256500
614751
614750
614753
614752
612514
613291
276822
276821
276820
165680
215700
260920
137950
300388
239200
311200
300387
166260
193510
602200
136660
100675
107800
104570
194050
277990
601357
158250
309541
253000
309545
614807
615401
309549
309548
250220
614329
219250
614326
400044
400045
400042
400043
610338
609456
609006
609558
609008
274600
609452
160300
607485
182170
179010
113600
102200
230200
112800
122470
252500
600807
614116
614115
614114
614113
143860
604201
243500
243050
242900
242670
142400
608751
614230
614231
605911
614237
605913
608758
608207
614238
608203
256690
613930
613933
613938
202650
275900
601583
164100
607516
607514
600231
614588
611064
611067
231550
614583
610478
117600
234000
229800
144120
615182
615181
615185
180020
615188
107320
610913
126200
610915
189500
261640
223350
150250
127400
606179
267760
158000
606170
606176
606177
606174
606175
603523
603529
266140
262190
276100
613812
208100
103420
172700
258320
165210
106210
186850
162080
614131
222400
613339
125853
125852
125851
125850
613330
608984
253250
608982
121800
608988
303700
611664
227150
185500
215045
152780
601003
601001
601005
601004
193700
602078
139630
602071
274265
204300
613743
613740
613744
176700
610452
236640
613329
123400
145300
174700
125320
302030
226400
226150
608567
608565
122860
608562
255310
249599
608569
600757
612943
613325
272700
609616
312300
609612
269880
265850
604431
604432
612947
212138
607678
610212
212130
219700
212135
610217
608691
147530
608695
608696
612948
268130
263450
612949
171480
310650
108500
609808
615429
609800
258660
234250
614820
300888
300887
300886
262850
300882
300881
270960
229650
229120
228520
132400
607161
160565
118430
247800
300779
300778
103300
300770
181500
606346
606349
606348
156700
613101
613100
248510
613102
613105
126410
610149
613108
180270
304700
225410
300419
612518
262500
239199
424500
256520
173395
109100
267480
610143
266350
156600
139400
259200
259750
182690
100650
154780
100300
313850
236410
610455
173700
601315
277970
119915
249600
257920
615420
615422
215720
615424
615425
615426
260900
614823
614822
309560
614826
159001
159000
140900
602484
602485
602482
602483
602481
209300
605067
612271
607413
609579
609578
609573
609572
609570
615236
615297
605289
244600
605285
605280
605282
235500
613485
613480
614171
614170
614173
614172
613488
613489
614466
615883
615881
604229
615885
601616
146500
137000
601612
113480
254780
612892
614219
167800
181405
608220
605935
270220
608224
614211
614212
608227
216400
144300
218649
156230
156232
178610
169400
607578
109350
600251
607572
600257
194470
115080
615226
615224
615225
615222
615220
615221
615228
212090
231680
111700
111250
239500
184200
606482
606483
615160
615163
615162
132090
606155
606156
261990
241600
267740
207950
551000
145270
148100
104300
150270
106230
613310
151900
613313
183800
183802
255500
613319
260570
262710
612306
612300
612301
218000
254200
215400
308205
308200
253270
309000
611644
306930
224900
300194
166760
257600
274200
274205
162600
601283
601287
191650
105210
180860
271250
152100
600884
600886
313480
600880
600881
600882
600883
147820
605544
613227
605543
608509
608508
122880
605549
604145
601427
275000
601420
275550
516070
614175
613223
257790
146990
609630
609633
609634
609636
609637
609638
610279
600089
600084
600080
600081
600082
179200
232500
264470
264475
615887
233670
178400
256150
612422
229100
175050
111130
540000
610896
188201
610898
607140
300752
300751
607143
300756
300755
300758
127300
213600
614202
301800
606369
186550
606367
606812
613123
613122
613120
613124
256540
601438
268800
612530
109160
162260
615731
602522
266400
170400
259770
602248
602249
608885
602247
608223
273120
614210
215520
152700
614213
120300
609254
611597
104530
121300
187800
220500
241410
277950
610474
610475
610476
249620
603266
201470
154500
615440
615441
615444
135700
139280
192605
192600
605738
138770
605041
605040
400004
611788
611783
300030
146691
211990
614153
614152
611431
614157
614156
256300
614158
172425
146520
613464
613462
613463
613460
210350
265600
133700
601631
275630
601634
278200
311400
264800
600252
608710
608244
203340
107750
263600
176240
604324
109800
146830
615206
615207
142335
136880
142330
237900
212070
607778
115200
252100
131705
615147
615145
305800
600273
607552
607801
607554
125500
261600
217200
309930
230600
201310
603075
259900
114000
603383
603386
603387
603388
603389
145250
610753
230740
118600
101200
222448
248700
244100
260555
300209
300200
609192
200990
200995
124490
204690
185540
602032
210100
233800
233805
166700
166705
131760
247100
247450
612876
212850
236600
610649
105580
610644
147260
605387
141405
605388
605389
141400
604382
604381
604380
604387
271270
226110
609384
609438
609439
609432
208500
211500
147800
611376
608520
608526
615879
604169
604168
601407
190100
108760
610256
609656
609657
609654
609655
604292
237550
237000
238600
233650
146510
608389
608380
301790
613694
613697
613690
613693
615575
226800
185300
182900
193100
606835
186570
614409
614408
186575
614407
611126
214900
614400
614402
502000
156000
218900
126453
606159
109630
193240
206100
123000
612387
228560
110600
174300
202155
245190
612525
607101
202150
259710
612527
612521
180500
224400
215500
159595
150400
610419
615465
257960
615468
201450
276880
611097
201100
200500
614333
605714
400021
605711
249700
614306
614337
172150
104510
609334
613507
613506
613501
613500
248110
613502
613509
613508
612114
612110
612113
300018
612119
152800
612400
601650
248010
202900
613440
613443
613444
218350
139000
163700
269160
210370
608264
608265
608266
613990
178300
107730
147320
269700
609257
231530
146810
604595
251800
312080
615268
615269
271900
307300
615266
187760
615264
212050
219080
614424
245348
245349
606995
606996
245340
229310
606445
615121
615120
615122
604625
615127
209900
137400
219550
312550
151050
230650
607829
607823
607822
607821
606668
267700
606662
606660
606661
606664
603013
603010
615697
615696
300652
300653
300650
190900
300659
222800
159700
259690
126840
188740
114065
181350
612474
612475
213010
614614
614615
614616
614617
614618
614619
150230
155601
155600
260530
183849
608907
183840
120440
314250
300221
300220
304020
148200
300228
205100
602639
177650
308240
603902
603903
614008
603909
231090
231095
116790
227200
610448
107500
613312
610629
610628
600907
600906
600901
613318
610623
255110
600908
212835
605364
605365
605362
605361
612304
604369
604364
604367
113301
604360
604363
254600
604316
600841
300750
108700
609670
601462
601466
600593
608176
612955
600598
612954
614055
611572
612957
614050
611571
268150
102700
300854
300855
300856
300857
300829
612908
106750
300853
612900
615434
243200
615431
252600
252605
248910
242150
124300
607454
600335
600332
607453
607450
600331
118450
607458
607459
608105
608104
306300
608106
611102
611100
602491
615282
611109
606851
301845
606852
301840
606854
606856
605803
161600
178110
615287
601888
608556
212550
601887
601885
601884
193220
259550
609708
177820
613573
145420
259730
613059
131440
610532
184450
145680
180295
150170
611816
610438
127700
213200
611812
610430
611818
141300
249660
613055
314560
608796
603737
603736
615489
615486
615482
615483
601495
266910
605727
603221
277000
166800
605779
116300
235700
612285
612284
612287
612286
612281
612289
157960
227010
246400
611742
254450
301200
301201
146300
118330
602014
612138
300073
300071
300076
612132
614196
614195
614193
614192
605192
614199
614198
613426
613424
613428
601678
314705
194320
604824
314700
163729
203400
161470
605990
156250
123560
187400
269720
121700
176200
612884
608716
144650
179450
615244
271400
271150
123700
615248
615249
610193
226650
226300
614756
610199
610198
169600
189961
189960
607731
600101
607736
157700
607734
606460
273800
192950
615109
615108
209920
615102
615107
615106
607597
607596
607595
607594
607592
207600
610992
212780
233400
607598
607841
164185
164180
228930
263200
603034
603030
300672
300673
612731
300676
242890
225300
612459
311000
607084
300636
181800
206800
614679
606640
606641
606643
614672
614673
614670
614671
614676
614674
614675
130650
603694
601869
262000
300243
300245
300244
608908
602613
602612
602347
608906
608901
602340
200950
602342
603964
603965
153600
131300
227220
259050
231070
309200
614934
610600
612777
247410
305200
600920
242100
250700
203600
204650
306955
613823
601199
601198
609470
139900
202550
601195
600736
190320
600737
610508
605526
138500
613495
208540
164400
601186
613829
192430
176690
609698
108725
108720
108721
606752
208400
614070
614072
611553
611554
611555
611556
614077
614078
614079
264180
110500
614932
604348
607694
300804
300803
112050
300801
300809
612929
605833
222300
612921
612922
268100
612924
612925
605838
156620
186600
604121
601331
278720
601449
601338
607473
169200
607476
600318
600319
182940
136100
614441
225790
611162
179840
183090
202200
164280
606875
606874
171400
560000
109180
105830
105835
177800
109670
193200
221300
273490
258480
610382
610381
182610
609945
219721
609943
611588
216900
606258
606257
606256
606255
187260
159555
614207
154700
159550
615710
615711
266600
614205
191400
609990
609993
203330
609995
609994
214500
137920
184510
603206
603204
603209
312600
114450
156200
145000
145001
605751
605750
605756
610612
235760
604919
185700
613099
613098
613097
613096
613095
613094
613093
613092
613091
613090
300589
220219
300582
104000
300580
300581
300584
220210
611762
301220
215105
215100
300054
300055
210550
613545
613544
613547
613546
305690
602152
614837
602404
602400
602401
611490
611493
270550
611497
611498
613763
194300
191150
613404
613406
304800
613402
604809
604801
604802
604804
604805
105600
102370
123540
179613
520100
610017
610015
610019
211930
112200
255700
146850
124100
137192
242300
142350
600123
600122
600121
132810
226670
164210
137440
615234
613217
108110
162900
275250
607864
175750
115000
232800
114200
238320
234750
612718
300612
300613
612715
612714
612713
612712
300614
300615
143400
614388
614389
252160
606407
225320
614383
606408
614381
245300
245650
614385
302960
228000
244300
610762
612433
607317
612431
612437
607313
126800
188700
614654
614655
614650
614651
614652
614653
143100
614475
613398
613399
301050
613390
613391
276700
613393
612388
612389
602361
300263
300262
300261
300260
612380
300266
200970
173100
308280
166450
107290
206750
602093
223000
602097
231050
247650
158350
227240
142910
120150
240150
120400
615523
615522
615529
615528
247430
221950
152450
302500
308930
615830
605321
184705
184700
603416
312830
270700
162350
135950
135400
190300
609454
609324
609325
609322
609320
170900
600808
615506
313400
600801
600802
600803
615503
138070
615501
265300
611738
122000
611739
614018
614019
260130
175500
179280
611536
175505
611535
604321
604320
251450
604326
604329
607540
146110
148600
300861
300860
300863
612946
300864
300867
607676
300868
607674
600263
607671
225400
605814
608328
605818
614921
608320
608323
248950
146600
129400
129150
278700
613736
604499
604498
601319
601318
601317
601316
314570
169545
268080
600373
607411
600376
607417
608149
614468
614462
611147
219800
614465
614464
107100
171420
191950
608448
210400
109650
180700
209885
162370
221320
612539
224750
209880
188570
182960
136120
103900
216920
310500
154850
131400
606232
108300
209770
615735
214290
174810
257270
603776
258200
603511
603041
603040
130200
244510
601954
601957
601952
235740
306700
253600
253601
222690
611702
611705
611706
250800
257850
613563
613561
613566
613564
614815
260300
139200
251600
602429
602134
604867
604864
218330
173900
227050
102350
610031
223800
141700
134430
211910
259775
243180
601764
243185
610157
610156
610155
610154
610153
609153
609152
615280
615281
271110
615284
615285
615286
610158
600143
600142
600145
600146
600149
600148
136800
608799
164230
211000
242680
243450
177750
168550
246000
612886
612885
170100
612883
612882
612881
237300
229045
233420
607085
300635
607087
607086
607080
300633
242850
611284
611283
612775
106500
612776
613826
613827
613824
613825
301940
613820
606937
143460
613828
143465
614280
217400
217150
145701
145700
607339
612416
612417
612410
607330
241800
614035
606688
606689
614037
606685
153300
608940
311100
239300
613956
613957
228020
613953
247630
607088
166780
182400
130600
602511
158330
227260
615508
613307
615505
615504
186890
615502
215800
615500
600962
610021
600965
600969
236680
184900
153870
605309
167250
201200
603438
603439
609308
190360
609304
609306
609307
601154
102500
222730
251290
601152
113500
608307
612318
147060
614034
611515
614036
309605
124500
614033
262700
614038
614039
612964
604308
300842
604302
604307
254110
607658
300849
300848
612968
300843
112010
132990
612967
300847
607655
300845
300844
607656
602390
161550
274400
200300
314550
613618
613615
613617
613616
613611
613610
248200
613612
601379
269840
601371
601370
278760
601372
601375
601374
601376
608161
264050
610125
164000
123880
179800
615344
615346
615343
615342
615349
615348
203650
142700
233300
203200
226730
106990
106995
229700
225280
137763
137760
228250
271630
610838
136140
600356
600351
607432
126100
610832
188550
182980
606744
158105
606215
249310
189600
255995
255990
313200
615752
307010
615750
615751
601489
612161
615758
108320
163200
217095
609958
217090
609955
609954
609952
234300
241200
613355
114140
165660
605735
103920
127500
181450
256870
222500
221700
614662
121900
601979
181180
601977
601976
611876
611875
611879
611878
277600
277350
215140
614935
611722
611721
614936
614931
611726
154300
613589
266200
613587
118350
248190
613582
602114
602440
612199
602111
205200
604841
236270
182212
182210
265150
176400
122900
123500
609790
609796
112240
149700
204000
605463
605462
211390
307830
601744
604519
133100
610131
142395
160010
609179
610136
312000
268250
614582
132850
600166
600165
179650
137370
615812
256050
111000
234820
183350
242870
272440
254900
136680
614346
614347
614344
614345
614342
611263
614340
614341
613800
613801
613803
613804
216550
613806
263000
613808
613809
145100
611881
242700
126370
109200
607354
598500
614699
206570
614691
614692
614696
300489
193450
122430
119600
107920
604393
130900
117550
117800
614701
247610
606002
606003
214150
615654
159300
249100
250100
603589
603188
615560
615565
312780
602588
602586
600989
614886
600987
610839
605670
605672
153890
613836
165500
312870
603457
613830
190340
190430
190345
605582
605583
614850
605588
605589
246560
613244
130010
613241
102520
300376
156400
300373
300372
148390
235200
251270
309620
246700
194080
146400
601170
210250
609363
613518
210700
608361
608363
605850
608367
613637
613636
156310
133701
167900
601353
601352
604183
601350
604185
601356
601355
275595
216700
601358
133705
309300
168900
269860
608189
169500
608180
264070
238800
609583
615369
615368
615363
615362
615361
615360
607631
607636
607634
606581
229230
111600
143050
178995
184100
107000
610852
610261
271650
606690
308700
157950
608837
610265
313000
606768
606766
606764
606763
606762
609975
615779
615774
307030
615770
615771
108340
109690
207300
210600
137280
602079
272300
148000
104200
611095
611094
241100
611096
611091
225000
611093
245130
256850
155145
256855
155140
183900
180300
612069
124060
194000
613038
613035
130710
613031
613030
613033
151800
253310
612201
611895
611897
611891
611890
611892
608980
153400
270685
167500
223380
135290
177170
105150
182230
236250
231200
614916
614915
227646
270350
227090
152200
125550
305100
121070
187950
249900
209010
162500
605115
312060
133430
275100
604536
604537
609113
609115
609116
224550
106150
122780
164900
232400
108420
611307
611302
256030
611308
613790
613791
613792
613793
613794
613795
613796
614897
254960
182820
188455
188100
226960
608646
608647
608644
608645
608643
138800
608641
608649
606972
614369
611242
213700
611247
613685
178500
613862
301900
613860
613861
267010
613865
607373
607371
207790
613681
268900
206550
110720
267900
228355
228600
266500
170500
606394
606392
606391
302905
302900
615091
145290
615095
145295
187300
611936
611934
155770
611938
261750
612841
615542
615541
615540
615547
615546
615545
615544
310350
615548
201020
610688
150699
212895
610680
212890
277410
610685
605618
261575
114620
603471
603472
167210
192700
220600
106300
251255
613265
613266
251250
613268
613269
260480
614419
609052
612010
612011
602875
140350
612016
612017
612018
300355
125630
300352
125635
256200
614415
609056
305700
260150
308960
614411
601110
254150
602596
125490
615817
190410
210720
609345
309400
611391
265500
614937
265050
608437
608340
608345
608432
613652
613657
613656
613659
167960
611724
236750
600625
612965
607907
102100
264010
113900
257550
185600
233690
255200
605233
600649
607966
607967
607616
607965
600643
162300
202110
243800
612198
610878
312210
610871
610873
612961
109900
600462
600460
600461
600467
606708
263540
606703
606705
609913
609915
609919
609918
238750
612656
612657
163400
612650
612651
609508
243310
103470
118700
603282
603285
603284
245150
245400
614559
614558
614557
241120
613017
613016
613015
613014
613013
613011
221740
215450
221745
612227
612226
300500
612224
612223
300504
300505
300509
612229
612228
163800
177990
276950
276400
603860
210000
117100
166350
166600
153640
221810
121270
194380
173470
308830
613643
158500
141500
182250
614970
614973
309120
124950
614976
614979
609757
609755
609754
609753
609750
271310
231950
609289
147900
166970
610099
614707
609283
609285
609284
610090
609286
605130
208200
211355
211600
211350
605429
605428
258360
167000
609136
609135
168605
168601
168600
190600
222100
268210
188890
110050
102660
176800
142680
176807
612007
608088
608089
252250
270805
270800
601705
601706
601707
601700
601701
275120
604559
601708
601709
612631
612797
612796
612795
612794
300696
600072
188470
226900
300699
254940
242520
136640
182800
611222
614303
614300
608664
614307
611225
611228
613845
613843
193000
193003
193005
613849
193007
110450
607398
607395
115195
115197
115196
308750
279000
123100
126550
174400
145500
273750
224050
224500
192350
607053
218800
219400
187360
201475
151100
214110
155755
150500
250410
606049
310370
267430
603670
603671
201000
309800
309801
603678
165098
165720
615524
261550
261800
605635
605637
230900
181200
181750
601682
170980
614898
614899
614893
614896
251400
614894
614895
251230
262600
152900
130050
613206
256720
613204
613205
608875
608874
612079
300331
612073
612076
608878
300337
612075
614090
614091
612940
614097
257970
614098
614099
134820
260600
201910
210740
601138
210210
210745
602723
602722
605899
134750
161530
613679
101805
251880
101800
601390
613673
613672
613671
613670
248260
613676
601399
613674
265380
269600
176630
278780
233100
219000
611015
308220
615327
615325
113960
615328
159900
251900
226750
600668
607949
608415
608410
607941
607944
600666
601344
137700
209800
601347
302200
275370
604765
610329
610320
610321
607498
607499
175850
172800
268000
614779
306950
613625
151590
609939
613627
612671
146750
612674
606545
131950
222900
615400
607236
607239
155100
181430
256810
206920
606721
129840
129510
225040
613071
613070
613073
613075
613074
613077
613076
613079
613078
612241
612240
612242
612245
612244
612247
314800
300523
205000
177200
266265
603802
603806
311350
227500
245180
142830
221760
615663
215470
116870
615668
121210
104600
277590
182270
241500
308800
173450
110150
614959
240900
204750
250620
614954
609734
139393
147920
166950
605400
605407
211370
310000
108600
611694
601095
601096
113200
254500
601098
176860
230350
147250
608068
608063
213950
252270
252900
601277
243100
137130
604571
146255
600059
311510
600057
607004
161700
614328
611209
614324
614325
608600
614327
614320
614321
614322
614323
233710
109730
610127
254400
300476
242500
612109
241080
144250
229400
143200
273770
216820
612759
615059
615058
609893
307150
615057
151430
127000
606068
606069
213300
615583
615582
257350
165700
603656
208050
614343
167700
601876
601877
303800
613192
613193
235400
613194
613195
612589
612582
612580
612581
612586
612587
600430
614846
601626
227330
246500
614840
613224
613225
130070
304150
148370
613229
300310
612052
277450
277100
608852
608850
270450
611598
134510
303650
611590
274150
270100
604967
604966
314000
254190
260660
191500
604968
270600
193900
121400
610755
610756
176305
187501
187500
610759
610758
184850
615745
608703
609070
615878
604291
604290
152430
615873
125230
607921
157600
226000
182100
608471
608470
608474
605218
137270
275355
275350
133200
278100
601518
265900
151600
168470
108010
207500
161900
268020
268025
238710
160700
608290
225200
610250
191530
610251
606527
273900
606529
606528
610253
186750
610967
610965
610968
132000
607214
225060
614514
614519
308300
206900
314390
613058
304300
425500
612269
612263
612262
612261
612260
612267
109050
161070
231670
612288
266280
259600
602199
602196
602197
223320
255800
131200
615643
180360
615649
100700
124000
221780
602994
135580
181010
152550
241520
261100
610504
610505
182290
603829
603828
603358
609241
139800
609242
158400
611107
244460
106280
268700
611087
300106
125530
300100
601076
148520
601075
601072
251000
601071
272620
612863
612862
612867
612868
614561
611363
608049
186100
611364
611369
608591
608045
608594
216330
557000
252920
613737
613735
304950
613730
613731
168860
108950
601216
601217
601214
608624
608627
608622
608629
613695
171300
191850
613881
613882
613884
613885
613886
613887
148820
147480
221200
136600
147050
158310
610283
610282
212140
111300
606889
107250
615075
615074
615073
615072
615071
249270
216800
614028
609876
192310
192315
212360
214400
606082
312700
613729
309840
163850
239900
300554
220150
615134
615390
304790
615396
110300
601853
300486
300484
601859
185000
300488
614706
611955
614702
155240
614700
611953
611958
611959
612840
240000
614858
614859
614856
614857
614852
309510
614851
615561
183050
130090
602501
261590
608831
277470
166230
608836
215600
614401
604901
609515
121390
604906
191520
227645
227310
535000
107410
101840
520000
129200
219200
112300
236730
176670
610773
601680
251945
271520
223540
609053
609054
609055
200600
609057
125250
613717
261515
609500
615816
600628
600624
553000
607906
600627
607903
203550
203800
608456
275400
162800
173580
601539
601537
601536
137210
604011
137215
151623
602455
151620
610361
268040
164750
115300
115650
178000
114300
233500
612634
612635
612637
612630
605676
612632
612633
147421
612639
605027
614286
614284
613944
248800
613943
137200
143500
613949
156530
126250
610947
610948
126700
607278
607279
607271
607276
607277
303110
611014
611016
611010
263520
129550
601992
160980
173000
229850
161050
117650
259440
145400
145350
228100
223300
150280
116600
227810
615629
603596
603595
276600
615625
308850
155500
181030
208158
119530
241540
208155
208150
153480
191200
603376
312910
603373
603372
277730
166910
135300
205400
613243
104130
300291
300299
122700
230750
306980
175400
250951
250950
185800
148500
128700
609266
609265
300123
300125
609261
609260
300129
271950
608022
608026
608027
612843
608028
608029
612847
252940
611384
611381
611383
611382
613718
601230
613710
613711
613712
601238
218400
300378
265200
609195
609197
118610
179270
612624
191830
612628
107600
263750
174200
174750
112440
614621
614623
180600
187650
600546
607044
212160
217990
136620
273730
245010
111360
615011
615010
310600
159410
126390
108200
136480
267450
258100
258450
201710
614496
614497
614494
614495
614492
614493
225740
614491
103600
614499
610042
100800
107850
130190
185020
613158
613159
613156
613157
613154
613155
613152
130300
613150
613151
253700
101600
300464
612542
612540
612541
189490
614723
614727
614728
603786
614879
260400
603783
309530
614871
154020
614873
614874
614875
614876
614877
304110
602561
608812
608811
602562
602564
608814
139100
612095
139450
612097
177050
166210
193520
191540
602629
303100
605856
604928
604922
278850
236130
245900
550500
173800
602782
235800
610713
610717
605039
141000
611022
615381
615382
615387
615386
137050
243080
113450
613630
133020
151660
609528
609529
556500
609033
609524
609037
211450
211100
106070
310980
157640
605258
605259
167300
605253
613638
601559
108050
601551
133240
202660
162820
601351
278740
264090
614122
604187
614120
268060
614128
614129
237400
147400
300919
300918
106400
300915
300911
300910
607785
161480
111800
614265
614266
614261
614262
314400
156510
216100
613960
600204
600202
136540
258840
610921
607258
607259
600208
212750
611031
256700
169300
606785
606787
606789
606788
245480
207900
239000
234030
266130
603165
231630
184250
184252
184253
184255
608184
145800
223360
131240
606129
261670
615604
615605
615607
204900
615602
273050
310470
151200
304340
603570
603572
219900
610549
305435
610542
610543
500009
119550
500001
500000
500003
500002
500005
158580
551500
162210
614490
200100
224800
106240
614163
613364
218050
102400
224120
612376
612371
612370
612372
612379
612378
125860
104110
105570
122720
611638
611634
611637
611631
611630
153200
601039
191482
146720
191480
609200
300148
300143
300147
155980
203100
608558
608559
122580
608557
122850
608553
614485
613776
248300
613778
613779
611003
601780
190680
236670
190685
168820
176730
179250
264420
179700
212840
123450
142500
174770
613153
600781
600785
272950
147892
147891
251110
180950
226980
212100
226985
182882
169150
164300
607060
600561
300619
249230
615033
137550
615031
615030
615035
615034
128100
207731
128101
268305
268300
229600
208900
234200
267300
172500
228800
258470
603147
300700
300703
300704
300705
300706
300707
300709
220110
220111
132450
189700
186500
127600
614878
188030
601815
601816
601811
601812
601813
613172
230450
300448
109130
612560
612561
612562
612563
612566
612567
614870
614748
614749
614742
155200
614740
614741
614746
614747
614744
157400
613282
613280
613286
613287
613284
613285
128950
266300
161950
193500
602541
135150
259250
177700
100820
241550
121350
610489
610483
236110
614813
614810
154000
614817
614814
309555
227600
614819
250230
612098
612099
113610
610733
149000
608810
610738
608816
605019
134200
605013
204100
312100
609016
609541
609545
609549
612096
219100
605274
605275
615777
167320
265430
154276
601477
122440
208750
614100
614101
614102
143890
614104
611465
611469
172880
113475
113477
113470
146550
604271
133000
604278
254800
600195
112700
148840
608765
103100
608763
265800
608768
311450
605909
614069
143095
613908
610245
218670
610244
263300
263650
607501
600223
600224
607507
607508
262300
614067
144150
615197
615190
615191
615192
615193
119100
100100
610906
258860
258865
217520
610908
223340
249000
261650
227850
158030
603554
603553
603552
307700
266150
209500
119570
258315
612366
114700
109820
612365
165200
104350
612363
106260
162091
244400
116700
605480
613348
613347
613345
613343
613342
613341
613340
608996
602685
608995
253240
612357
612356
612354
612353
140700
612350
106190
611615
133180
215030
614575
125590
125595
118220
601016
214700
614576
602066
609223
609222
609220
609227
611090
274270
608579
270200
608571
608572
611092
248360
613758
191600
613756
301410
613750
613751
613752
105550
159600
236300
615267
142625
142623
302000
211800
184000
252320
610227
610220
608681
264110
608687
600501
608688
169170
137575
129900
129905
502500
609814
609815
192800
609817
609812
609813
207750
612997
208920
300894
300895
300896
266810
612999
612998
144700
613032
268320
171720
114550
188580
147610
300136
201750
138277
118420
181515
181510
272200
606353
241000
245050
275210
613112
304730
613116
613115
215550
613118
613119
180200
300421
300423
300422
300425
300424
300428
188050
188055
615835
615834
551200
604254
604257
206400
614438
615838
260910
604250
255960
173650
277180
166250
613705
161200
609039
116950
614435
614436
231300
613969
119900
154570
615414
614838
614839
615413
124200
614834
614836
613708
614830
250215
614832
614833
311895
236792
236795
305600
605074
207620
162400
601228
609566
609560
158650
164800
179000
232300
605293
606190
113670
146390
235510
131850
265450
122460
260005
260000
614162
306000
614160
614166
143870
614164
614165
250460
202400
254770
251300
604219
604218
148730
612692
168300
612690
167755
607748
142470
607745
136760
614221
614220
614223
614222
608219
614224
614227
614226
608747
614228
608217
608742
138900
218650
216411
613925
156550
156220
415000
601550
613805
137900
601596
178600
601553
178350
607569
136500
607565
611073
614592
614590
614595
614594
267800
613106
613807
171000
238970
239510
259420
103780
131750
187000
615179
257150
615170
212710
302801
302800
302803
302802
261630
245550
245552
259680
606164
603530
165199
170600
207410
309580
192000
145260
118651
118650
600795
613061
246555
300869
600790
613255
314200
613328
128500
104150
613320
218010
613252
254210
613327
253260
602668
135500
612337
612336
102530
153245
231970
134900
201810
188850
215050
301590
300184
271930
166750
612020
144750
248340
107550
610676
176770
269250
610678
247150
105200
255160
236635
203750
118865
102000
125310
180870
113800
271245
313490
600740
614613
608516
255300
608518
300912
211530
604154
604400
604401
133540
604403
243700
610205
610204
610202
516060
610209
610208
600522
219730
172290
211750
610071
230000
258650
207770
115150
252300
252650
175020
137940
145981
145980
607174
611808
118400
160570
300749
147630
205950
214950
301835
301830
111380
248500
126950
262020
212500
613135
128800
140000
612528
612529
253010
607250
612526
300400
612520
300406
612522
607523
141749
250500
614782
610926
276300
610927
602271
138110
600209
311250
117000
615474
615785
120330
615780
615789
601728
236400
189300
610445
610444
610446
610441
610443
610442
249630
204200
141350
260970
615439
615438
615436
611038
615433
615432
603278
139290
602497
305620
602499
202300
208300
605728
167100
605726
605055
605724
157151
157150
186300
222600
610114
113650
176900
611426
155800
143850
122400
614149
613493
613490
613496
194370
243060
613498
168100
601608
615897
615896
604233
604232
601606
608236
608233
608232
607765
608728
614209
614208
614203
608720
614201
614200
605946
605944
605945
263610
604093
604091
129000
178370
175900
264700
234580
604416
206300
607654
615235
174050
615237
174500
615233
615232
615238
226350
148800
212080
149400
233270
226600
231690
144110
115210
614474
273300
615158
615159
312500
151001
151000
180070
615155
615156
615157
136520
607812
607541
607543
600268
600269
219500
614279
131800
606632
245570
309900
228980
267750
160900
603513
114290
603047
201300
603516
234050
177350
114030
104310
132600
230800
118670
103500
614480
222470
614483
614482
304050
218030
260565
613309
613308
304500
612313
612312
612311
612310
300218
300219
300216
612319
300215
125800
300210
300211
308230
615312
602398
253200
305450
306900
611650
203655
154230
254090
191420
191390
117210
602025
139600
163100
614204
166990
105250
101900
610651
610655
255140
269500
613148
118840
107680
604391
159800
223400
125370
600721
142669
255320
142660
302045
274230
605552
606574
138000
601410
601829
601412
604173
601414
612126
601419
137600
123790
610260
219750
610262
160120
609629
609628
610269
609625
609622
609621
609620
211770
224700
600093
600092
600096
612554
172900
264480
140500
608390
608391
608392
608393
608394
607015
613686
613684
129490
613680
118830
272460
113300
613688
613689
610883
614736
607155
607154
607152
607151
614188
614418
611139
611136
614417
611134
155000
611131
301815
606824
217000
314900
256550
109150
193250
613869
614186
174310
614187
613581
608898
111500
613863
602252
608890
608895
184400
500008
227400
145650
215518
110900
154750
159580
136400
610460
313900
214200
159050
249650
250250
257200
500004
615458
500007
615451
615453
260950
615457
610797
610799
610798
300360
104500
235730
211180
246450
613517
615760
146350
102900
613519
612100
113100
235550
300029
251120
612108
235555
211980
175690
243000
613477
613471
613470
218340
608251
605967
608257
194070
608709
161400
263630
107741
176920
176250
112500
179400
232700
164150
613007
146820
607677
614052
614053
114900
615219
615217
615214
187770
607706
212065
142309
212067
212066
242600
212060
229300
275200
615135
615139
243910
108145
607831
607832
607834
607836
212200
300351
606616
606613
606612
615688
615685
615686
228960
615683
248770
165150
234700
117900
603393
603394
126850
603396
185120
127100
213000
213002
614622
614629
614628
120450
260540
614860
120100
314240
301000
304030
148210
300238
253220
300232
300233
277200
200980
308250
603935
603933
603932
162380
601552
314100
142946
142945
231080
233810
166710
227210
615278
102590
247440
221900
256600
255120
615092
255125
176000
600919
615271
306960
124480
271200
125350
125420
604379
604377
604373
604370
615274
135900
226100
302060
609428
182000
609425
609423
208530
600706
600705
153650
192400
605572
168710
108770
601472
601471
604116
604117
278000
609649
219090
609640
609643
610247
610246
609647
609646
613008
106600
175200
601927
102730
601920
182920
108800
607457
600334
607107
118200
613001
300834
300835
300833
300830
300831
256100
225100
225450
605934
226810
608115
300799
607131
132100
607132
607135
607134
608118
607136
606842
606843
606840
605026
614430
614431
614432
614433
614434
611105
186580
614437
263400
614422
601894
212540
614420
109600
193230
111690
193235
274700
203450
105800
105805
145410
614429
228550
221350
131100
606263
259700
100600
304200
224410
611804
305000
305550
611809
249670
261000
615473
615471
615476
601492
257220
309100
164170
104290
190200
614376
610682
603720
603233
610687
308990
249710
239710
239711
612292
612293
220220
612291
101000
610830
246470
105650
614980
611755
613530
613533
251100
612124
140400
300009
300004
300001
300000
256370
246650
211965
614371
211960
613457
613456
613454
613453
613451
614180
614181
186000
614185
613459
613458
278250
614370
602473
265120
608279
608278
613981
613980
613983
613982
613985
613987
613986
613989
613988
156240
123570
171200
178330
236000
176270
612726
133190
146800
615279
610185
610187
610181
187750
615270
615273
615272
610188
610189
615277
220900
607728
600118
600116
600117
219095
607721
600110
111200
115250
606984
606451
275220
580000
615118
615119
168500
615112
615113
610988
610984
108120
607859
607853
607850
607584
607857
607855
310490
263210
228940
606675
606674
603003
611451
300645
612727
300640
300643
242880
612728
612729
103720
